# Number of nodes:
n 7
# Adjacency matrix including weights:
   1 : 0 31 49 52 40 33 50
   2 : 31 0 54 60 36 65 57
   3 : 49 54 0 55 40 38 53
   4 : 52 60 55 0 48 57 32
   5 : 40 36 40 48 0 56 42
   6 : 33 65 38 57 56 0 35
   7 : 50 57 53 32 42 35 0